20180220061730
20180220061829
20180220061913
20180220062007
20180220062053
20180220062138
20180220062218
20180220062302
20180220062348
20180220062434
20180220062518
20180220062600
20180220062633
20180220062712
20180220062753
20180220062846
20180220062924
20180220063002
20180220063044
20180220063125
20180220063205
20180220063249
20180220063326
20180220063407
20180220063448
20180220063525
20180220063603
20180220063640
20180220063718
20180220063755
20180220063832
20180220063909
20180220063946
20180220064023
20180220064100
20180220064137
20180220064213
20180220064250
20180220064327
20180220064404
20180220064441
20180220064517
20180220064554
20180220064631
20180220064708
20180220064745
20180220064822
20180220064859
20180220064937
20180220065014
20180220065050
20180220065128
20180220065205
20180220065242
20180220065322
20180220065359
20180220065437
20180220065514
20180220065552
20180220065629
20180220065706
20180220065743
20180220065820
20180220065857
20180220065941
20180220070019
20180220070100
20180220070139
20180220070216
20180220070253
20180220070335
20180220070412
20180220070449
20180220070528
20180220070605
20180220070642
20180220070719
20180220070756
20180220070833
20180220070910
20180220070947
20180220071024
20180220071101
20180220071137
20180220071214
20180220071251
20180220071328
20180220071405
20180220071442
20180220071520
20180220071557
20180220071634
20180220071711
20180220071748
20180220071825
20180220071902
20180220071939
20180220072017
20180220072054
20180220072131
20180220072209
20180220072247
20180220072325
20180220072404
20180220072442
20180220072520
20180220072600
20180220072638
20180220072716
20180220072754
20180220072833
20180220072911
20180220072949
20180220073028
20180220073107
20180220073147
20180220073226
20180220073305
20180220073344
20180220073423
20180220073504
20180220073542
20180220073622
20180220073702
20180220073743
20180220073821
20180220073859
20180220073939
20180220074019
20180220074057
20180220074136
20180220074214
20180220074252
20180220074330
20180220074407
20180220074447
20180220074525
20180220074604
20180220074642
20180220074730
20180220074807
20180220074844
20180220074921
20180220074958
20180220075036
20180220075113
20180220075151
20180220075228
20180220075310
20180220075349
20180220075428
20180220075506
20180220075544
20180220075624
20180220075703
20180220075745
20180220075823
20180220075901
20180220075940
20180220080018
20180220080059
20180220080137
20180220080216
20180220080254
20180220080332
20180220080410
20180220080451
20180220080529
20180220080608
20180220080647
20180220080725
20180220080804
20180220080842
20180220080920
20180220080959
20180220081038
20180220081118
20180220081157
20180220081235
20180220081313
20180220081351
20180220081430
20180220081513
20180220081552
20180220081631
20180220081709
20180220081747
20180220081825
20180220081903
20180220081941
20180220082019
20180220082057
20180220082135
20180220082213
20180220082251
20180220082329
20180220082407
20180220082445
20180220082522
20180220082600
20180220082637
20180220082715
20180220082752
20180220082830
20180220082907
20180220082944
20180220083021
20180220083058
20180220083135
20180220083212
20180220083249
20180220083326
20180220083403
20180220083440
20180220083516
20180220083553
20180220083635
20180220083712
20180220083749
20180220083826
20180220083903
20180220083940
20180220084017
20180220084057
20180220084135
20180220084212
20180220084249
20180220084328
20180220084405
20180220084442
20180220084519
20180220084557
20180220084634
20180220084712
20180220084749
20180220084826
20180220084904
20180220084941
20180220085018
20180220085058
20180220085136
20180220085213
20180220085249
20180220085326
20180220085403
20180220085440
20180220085517
20180220085554
20180220085630
20180220085707
20180220085749
20180220085826
20180220085903
20180220085940
20180220090018
20180220090057
20180220090134
20180220090212
20180220090255
20180220090332
20180220090409
20180220090446
20180220090523
20180220090600
20180220090638
20180220090717
20180220090754
20180220090831
20180220090908
20180220090945
20180220091022
20180220091059
20180220091135
20180220091212
20180220091248
20180220091325
20180220091402
20180220091440
20180220091517
20180220091554
20180220091631
20180220091708
20180220091744
20180220091822
20180220091859
20180220091936
20180220092013
20180220092049
20180220092126
20180220092204
20180220092241
20180220092318
20180220092355
20180220092433
20180220092510
20180220092548
20180220092626
20180220092703
20180220092740
20180220092816
20180220092854
20180220092932
20180220093009
20180220093046
20180220093123
20180220093201
20180220093238
20180220093315
20180220093353
20180220093431
20180220093509
20180220093548
20180220093625
20180220093703
20180220093745
20180220093823
20180220093901
20180220093938
20180220094017
20180220094055
20180220094132
20180220094210
20180220094248
20180220094326
20180220094403
20180220094442
20180220094520
20180220094558
20180220094636
20180220094714
20180220094807
20180220094847
20180220094927
20180220095005
20180220095043
20180220095121
20180220095159
20180220095237
20180220095314
20180220095353
20180220095431
20180220095509
20180220095547
20180220095625
20180220095703
20180220095741
20180220095819
20180220095859
20180220095936
20180220100014
20180220100052
20180220100131
20180220100211
20180220100250
20180220100329
20180220100410
20180220100448
20180220100528
20180220100606
20180220100644
20180220100721
20180220100757
20180220100834
20180220100912
20180220100949
20180220101026
20180220101104
20180220101142
20180220101219
20180220101256
20180220101336
20180220101417
20180220101455
20180220101533
20180220101611
20180220101649
20180220101728
20180220101808
20180220101847
20180220101927
20180220102008
20180220102046
20180220102125
20180220102202
20180220102241
20180220102324
20180220102403
20180220102442
20180220102520
20180220102559
20180220102638
20180220102716
20180220102756
20180220102834
20180220102915
20180220102956
20180220103036
20180220103120
20180220103159
20180220103237
20180220103314
20180220103352
20180220103430
20180220103507
20180220103545
20180220103626
20180220103703
20180220103741
20180220103820
20180220103857
20180220103933
20180220104012
20180220104048
20180220104125
20180220104203
20180220104240
20180220104317
20180220104354
20180220104431
20180220104509
20180220104547
20180220104623
20180220104700
20180220104739
20180220104817
20180220104853
20180220104929
20180220105006
20180220105042
20180220105119
20180220105156
20180220105232
20180220105310
20180220105347
20180220105424
20180220105501
20180220105539
20180220105618
20180220105654
20180220105731
20180220105808
20180220105846
20180220105923
20180220105959
20180220110036
20180220110112
20180220110149
20180220110226
20180220110303
20180220110340
20180220110418
20180220110455
20180220110532
20180220110609
20180220110645
20180220110721
20180220110758
20180220110834
20180220110911
20180220110949
20180220111026
20180220111104
20180220111142
20180220111223
20180220111300
20180220111338
20180220111414
20180220111451
20180220111529
20180220111606
20180220111643
20180220111720
20180220111758
20180220111836
20180220111913
20180220111950
20180220112028
20180220112106
20180220112143
20180220112220
20180220112256
20180220112333
20180220112413
20180220112449
20180220112526
20180220112603
20180220112645
20180220112721
20180220112758
20180220112836
20180220112914
20180220112951
20180220113027
20180220113106
20180220113143
20180220113224
20180220113300
20180220113340
20180220113417
20180220113453
20180220113531
20180220113614
20180220113653
20180220113731
20180220113812
20180220113851
20180220113929
20180220114008
20180220114047
20180220114127
20180220114212
20180220114251
20180220114329
20180220114408
20180220114448
20180220114526
20180220114604
20180220114642
20180220114721
20180220114759
20180220114837
20180220114915
20180220114953
20180220115031
20180220115109
20180220115147
20180220115226
20180220115305
20180220115344
20180220115423
20180220115505
20180220115545
20180220115623
20180220115702
20180220115740
20180220115817
20180220115855
20180220115935
20180220120013
20180220120050
20180220120129
20180220120206
20180220120244
20180220120322
20180220120401
20180220120439
20180220120521
20180220120601
20180220120644
20180220120723
20180220120801
20180220120840
20180220120919
20180220121001
20180220121042
20180220121217
20180220121258
20180220121335
20180220121414
20180220121453
20180220121531
20180220121610
20180220121649
20180220121728
20180220121809
20180220121847
20180220121925
20180220122006
20180220122045
20180220122125
20180220122203
20180220122242
20180220122321
20180220122400
20180220122437
20180220122515
20180220122555
20180220122710
20180220122749
20180220122827
20180220122909
20180220122948
20180220123030
20180220123108
20180220123149
20180220123227
20180220123305
20180220123346
20180220123424
20180220123502
20180220123540
20180220123618
20180220123656
20180220123733
20180220123812
20180220123851
20180220123929
20180220124007
20180220124045
20180220124124
20180220124201
20180220124240
20180220124318
20180220124357
20180220124436
20180220124513
20180220124551
20180220124630
20180220124708
20180220124746
20180220124824
20180220124903
20180220124941
20180220125018
20180220125056
20180220125133
20180220125211
20180220125249
20180220125327
20180220125404
20180220125442
20180220125519
20180220125557
20180220125636
20180220125714
20180220125751
20180220125829
20180220125907
20180220125945
20180220130023
20180220130101
20180220130139
20180220130217
20180220130256
20180220130338
20180220130415
20180220130458
20180220130535
20180220130612
20180220130648
20180220130726
20180220130803
20180220130840
20180220130917
20180220130953
20180220131030
20180220131106
20180220131143
20180220131220
20180220131256
20180220131333
20180220131409
20180220131446
20180220131523
20180220131559
20180220131636
20180220131713
20180220131749
20180220131826
20180220131903
20180220131940
20180220132016
20180220132119
20180220132156
20180220132235
20180220132312
20180220132349
20180220132426
20180220132502
20180220132538
20180220132615
20180220132651
20180220132728
20180220132805
20180220132841
20180220132918
20180220132956
20180220133038
20180220133114
20180220133151
20180220133228
20180220133305
20180220133341
20180220133418
20180220133459
20180220133536
20180220133612
20180220133649
20180220133726
20180220133807
20180220133844
20180220133921
20180220133957
20180220134035
20180220134111
20180220134148
20180220134225
20180220134302
20180220134339
20180220134416
20180220134453
20180220134529
20180220134606
20180220134643
20180220134720
20180220134756
20180220134833
20180220134910
20180220134947
20180220135025
20180220135102
20180220135139
20180220135216
20180220135253
20180220135330
20180220135407
20180220135444
20180220135521
20180220135558
20180220135635
20180220135712
20180220135753
20180220135833
20180220135911
20180220135949
20180220140028
20180220140106
20180220140145
20180220140224
20180220140303
20180220140342
20180220140420
20180220140458
20180220140537
20180220140621
20180220140701
20180220140740
20180220140819
20180220140857
20180220140935
20180220141012
20180220141050
20180220141127
20180220141205
20180220141244
20180220141322
20180220141359
20180220141437
20180220141515
20180220141553
20180220141630
20180220141707
20180220141745
20180220141822
20180220141859
20180220141937
20180220142013
20180220142054
20180220142134
20180220142212
20180220142249
20180220142327
20180220142404
20180220142443
20180220142528
20180220142605
20180220142644
20180220142722
20180220142800
20180220142838
