20180214101749
20180214102215
20180214123815
20180214123831
20180214123908
20180214123946
20180214124025
20180214124104
20180214124142
20180214124223
20180214124259
20180214124338
20180214124416
20180214124456
20180214124537
20180214124616
20180214124655
20180214124735
20180214124814
20180214124854
20180214124933
20180214125012
20180214125052
20180214125132
20180214125213
20180214125253
20180214125334
20180214125416
20180214125453
20180214125536
20180214125617
20180214125657
20180214125736
20180214125824
20180214125904
20180214125947
20180214130027
20180214130107
20180214130130
20180214130150
20180214130230
20180214130308
20180214130349
20180214130421
20180214130429
20180214130512
20180214130551
20180214130631
20180214130718
20180214130758
20180214130842
20180214130921
20180214131001
20180214131047
20180214131115
20180214131125
20180214131204
20180214131218
20180214131243
20180214131326
20180214131406
20180214131446
20180214131526
20180214131605
20180214131645
20180214131725
20180214131805
20180214131844
20180214131927
20180214132007
20180214132046
20180214132129
20180214132208
20180214132248
20180214132324
20180214132331
20180214132351
20180214132413
20180214132453
20180214132532
20180214132613
20180214132653
20180214132732
20180214132815
20180214132855
20180214132934
20180214133015
20180214133055
20180214133134
20180214133217
20180214133258
20180214133338
20180214133419
20180214133500
20180214133518
20180214133542
20180214133624
20180214133704
20180214133746
20180214133826
20180214133907
20180214133947
20180214134029
20180214134111
20180214134155
20180214134243
20180214134323
20180214134403
20180214134443
20180214134522
20180214134604
20180214134646
20180214134726
20180214134807
20180214134847
20180214134928
20180214135014
20180214135056
20180214135135
20180214135216
20180214135259
20180214135339
20180214135420
20180214135507
20180214135544
20180214135620
20180214135656
20180214135733
20180214135814
20180214135851
20180214135927
20180214140004
20180214140040
20180214140117
20180214140154
20180214140231
20180214140308
20180214140344
20180214140421
20180214140457
20180214140534
20180214140610
20180214140647
20180214140723
20180214140808
20180214140844
20180214140921
20180214140959
20180214141036
20180214141112
20180214141150
20180214141226
20180214141303
20180214141340
20180214141416
20180214141453
20180214141530
20180214141606
20180214141643
20180214141720
20180214141756
20180214141833
20180214141909
20180214141946
20180214142022
20180214143224
20180214144644
20180214145535
20180214145734
20180214150535
20180214150617
20180214151450
20180214154007
20180214155012
20180215103317
20180215103354
20180215103432
20180215103510
20180215103549
20180215103627
20180215103705
20180215103743
20180215103821
20180215103858
20180215103936
