20180219075919
20180219075958
20180219080036
20180219080115
20180219080154
20180219080231
20180219080310
20180219080349
20180219080428
20180219080506
20180219080545
20180219080625
20180219080705
20180219080746
20180219080826
20180219080904
20180219080942
20180219081020
20180219081058
20180219081136
20180219081214
20180219081252
20180219081330
20180219081408
20180219081446
20180219081525
20180219081602
20180219081644
20180219081726
20180219081805
20180219081845
20180219081923
20180219082002
20180219082040
20180219082118
20180219082156
20180219082234
20180219082311
20180219082350
20180219082428
20180219082506
20180219082544
20180219082622
20180219082701
20180219082738
20180219082816
20180219082856
20180219082934
20180219083012
20180219083051
20180219083130
20180219083210
20180219083248
20180219083326
20180219083405
20180219083443
20180219083522
20180219083600
20180219083638
20180219083717
20180219083755
20180219083839
20180219083917
20180219083958
20180219084037
20180219084115
20180219084153
20180219084232
20180219084310
20180219084348
20180219084428
20180219084506
20180219084557
20180219084637
20180219084723
20180219084807
20180219084847
20180219084925
20180219085006
20180219085046
20180219085124
20180219085203
20180219085239
20180219085316
20180219085353
20180219085430
20180219085506
20180219085543
20180219085619
20180219085656
20180219085733
20180219085810
20180219085848
20180219085924
20180219090001
20180219090039
20180219090116
20180219090153
20180219090229
20180219090306
20180219090343
20180219090420
20180219090456
20180219090533
20180219090610
20180219090646
20180219090722
20180219090759
20180219090838
20180219090914
20180219090950
20180219091026
20180219091102
20180219091139
20180219091214
20180219091250
20180219091326
20180219091403
20180219091439
20180219091516
20180219091553
20180219091629
20180219091705
20180219091743
20180219091820
20180219091857
20180219091934
20180219092011
20180219092047
20180219092124
20180219092200
20180219092237
20180219092313
20180219092351
20180219092445
20180219092549
20180219092626
20180219092702
20180219092739
20180219092821
20180219092858
20180219092935
20180219093012
20180219093049
20180219093127
20180219093205
20180219093242
20180219093319
20180219093357
20180219093434
20180219093513
20180219093550
20180219093630
20180219093707
20180219093745
20180219093823
20180219093900
20180219093938
20180219094016
20180219094054
20180219094131
20180219094209
20180219094247
20180219094324
20180219094402
20180219094440
20180219094517
20180219094555
20180219094631
20180219094709
20180219094747
20180219094824
20180219094901
20180219094937
20180219095016
20180219095052
20180219095131
20180219095209
20180219095245
20180219095322
20180219095358
20180219095435
20180219095513
20180219095551
20180219095630
20180219095708
20180219095753
20180219095831
20180219095910
20180219095949
20180219100028
20180219100106
20180219100145
20180219100223
20180219100300
20180219100339
20180219100418
20180219100456
20180219100537
20180219100616
20180219100654
20180219100732
20180219100814
20180219100857
20180219100937
20180219101027
20180219101104
20180219101147
20180219101224
20180219101303
20180219101353
20180219101431
20180219101509
20180219101547
20180219101627
20180219101704
20180219101743
20180219101821
20180219101859
20180219101938
20180219102015
20180219102053
20180219102131
20180219102209
20180219102247
20180219102325
20180219102405
20180219102443
20180219102521
20180219102559
20180219102637
20180219102715
20180219102753
20180219102830
20180219102908
20180219102947
20180219103025
20180219103103
20180219103140
20180219103224
20180219103302
20180219103341
20180219103420
20180219103458
20180219103540
20180219103618
20180219103656
20180219103735
20180219103812
20180219103851
20180219103932
20180219104010
20180219104048
20180219104126
20180219104206
20180219104246
20180219104324
20180219104407
20180219104449
20180219104527
20180219104605
20180219104642
20180219104720
20180219104758
20180219104836
20180219104914
20180219104952
20180219105030
20180219105108
20180219105145
20180219105224
20180219105303
20180219105341
20180219105419
20180219105458
20180219105541
20180219105619
20180219105657
20180219105735
20180219105814
20180219105852
20180219105931
20180219110008
20180219110046
20180219110123
20180219110159
20180219110236
20180219110313
20180219110349
20180219110425
20180219110503
20180219110540
20180219110616
20180219110653
20180219110729
20180219110805
20180219110842
20180219110919
20180219110958
20180219111035
20180219111111
20180219111147
20180219111224
20180219111300
20180219111336
20180219111413
20180219111453
20180219111529
20180219111606
20180219111642
20180219111717
20180219111754
20180219111829
20180219111905
20180219111941
20180219112017
20180219112054
20180219112130
20180219112207
20180219112243
20180219112320
20180219112356
20180219112433
20180219112509
20180219112545
20180219112622
20180219112701
20180219112738
20180219112814
20180219112850
20180219112926
20180219113003
20180219113039
20180219113115
20180219113152
20180219113228
20180219113305
20180219113341
20180219113418
20180219113454
20180219113531
20180219113613
20180219113649
20180219113727
20180219113805
20180219113841
20180219113918
20180219113955
20180219114032
20180219114109
20180219114147
20180219114224
20180219114301
20180219114338
20180219114415
20180219114451
20180219114528
20180219114605
20180219114642
20180219114717
20180219114753
20180219114829
20180219114906
20180219114944
20180219115021
20180219115058
20180219115135
20180219115211
20180219115248
20180219115324
20180219115403
20180219115440
20180219115518
20180219115556
20180219115634
20180219115714
20180219115754
20180219115830
20180219115907
20180219115943
20180219120019
20180219120056
20180219120134
20180219120211
20180219120253
20180219120331
20180219120409
20180219120447
20180219120525
20180219120604
20180219120641
20180219120718
20180219120754
20180219120830
20180219120907
20180219120943
20180219121020
20180219121056
20180219121132
20180219121209
20180219121246
20180219121323
20180219121402
20180219121440
20180219121517
20180219121555
20180219121632
20180219121710
20180219121747
20180219121824
20180219121901
20180219121939
20180219122017
20180219122057
20180219122136
20180219122214
20180219122253
20180219122330
20180219122408
20180219122445
20180219122523
20180219122601
20180219122639
20180219122718
20180219122756
20180219122834
20180219122912
20180219122950
20180219123031
20180219123113
20180219123154
20180219123233
20180219123317
20180219123357
20180219123435
20180219123515
20180219123554
20180219123634
20180219123714
20180219123754
20180219123835
20180219123917
20180219123957
20180219124037
20180219124118
20180219124200
20180219124241
20180219124322
20180219124402
20180219124443
20180219124527
20180219124609
20180219124653
20180219124738
20180219124818
20180219124859
20180219124941
20180219125023
20180219125106
20180219125147
20180219125227
20180219125307
20180219125350
20180219125431
20180219125512
20180219125553
20180219125638
20180219125720
20180219125801
20180219125842
20180219125925
20180219130006
20180219130049
20180219130130
20180219130211
20180219130325
20180219130407
20180219130451
20180219130535
20180219130622
20180219130705
20180219130752
20180219130836
20180219130918
20180219130957
20180219131039
20180219131120
20180219131201
20180219131248
20180219131329
20180219131411
20180219131455
20180219131537
20180219131618
20180219131700
20180219131737
20180219131818
20180219131859
20180219131939
20180219132019
20180219132101
20180219132146
20180219132226
20180219132311
20180219132352
20180219132435
20180219132519
20180219132601
20180219132704
20180219132745
20180219132825
20180219132910
20180219132950
20180219133031
20180219133113
20180219133154
20180219133238
20180219133322
20180219133401
20180219133452
20180219133536
20180219133616
20180219133654
20180219133730
20180219133807
20180219133844
20180219133922
20180219133958
20180219134035
20180219134113
20180219134151
20180219134228
20180219134305
20180219134342
20180219134421
20180219134500
20180219134536
20180219134612
20180219134651
20180219134727
20180219134803
20180219134840
20180219134916
20180219134955
20180219135031
20180219135108
20180219135145
20180219135223
20180219135259
20180219135335
20180219135413
20180219135449
20180219135526
20180219135602
20180219135639
20180219135715
20180219135754
20180219135837
20180219135916
20180219135953
20180219140032
20180219140108
20180219140145
20180219140222
20180219140259
20180219140337
20180219140418
20180219140456
20180219140533
20180219140609
20180219140647
20180219140723
20180219140801
20180219140838
20180219140916
20180219140952
20180219141030
20180219141106
20180219141143
20180219141220
20180219141257
20180219141334
20180219141411
20180219141448
20180219141525
20180219141603
20180219141641
20180219141719
20180219141758
20180219141838
20180219141916
20180219141954
20180219142032
20180219142110
20180219142147
20180219142225
20180219142303
20180219142341
20180219142420
20180219142459
20180220060804
20180220061730
20180220061829
20180220061913
20180220062007
20180220062053
