20180221065741
20180221065827
20180221065912
20180221070000
20180221070103
20180221070154
20180221070303
20180221070351
20180221070430
20180221070510
20180221070550
20180221070637
20180221070720
20180221070800
20180221070840
20180221070922
20180221071005
20180221071046
20180221071127
20180221071209
20180221071249
20180221071331
20180221071413
20180221071453
20180221071535
20180221071615
20180221071655
20180221071735
20180221071816
20180221071856
20180221071940
20180221072021
20180221072106
20180221072145
20180221072224
20180221072304
20180221072346
20180221072426
20180221072506
20180221072546
20180221072626
20180221072706
20180221072748
20180221072829
20180221072909
20180221072949
20180221073029
20180221073108
20180221073149
20180221073253
20180221073335
20180221073415
20180221073455
20180221073534
20180221073617
20180221073706
20180221073752
20180221073830
20180221073908
20180221073951
20180221074030
20180221074110
20180221074149
20180221074228
20180221074306
20180221074344
20180221074423
20180221074502
20180221074540
20180221074619
20180221074657
20180221074736
20180221074815
20180221074854
20180221074932
20180221075012
20180221075052
20180221075132
20180221075209
20180221075246
20180221075323
20180221075400
20180221075437
20180221075513
20180221075550
20180221075627
20180221075703
20180221075741
20180221075818
20180221075857
20180221075934
20180221080010
20180221080047
20180221080125
20180221080202
20180221080239
20180221080317
20180221080354
20180221080431
20180221080509
20180221080547
20180221080623
20180221080701
20180221080738
20180221080816
20180221080853
20180221080929
20180221081007
20180221081045
20180221081126
20180221081205
20180221081245
20180221081323
20180221081400
20180221081438
20180221081518
20180221081556
20180221081634
20180221081713
20180221081751
20180221081829
20180221081908
20180221081947
20180221082026
20180221082104
20180221082144
20180221082225
20180221082303
20180221082340
20180221082417
20180221082503
20180221082541
20180221082619
20180221082658
20180221082737
20180221082818
20180221082858
20180221082937
20180221083018
20180221083059
20180221083142
20180221083222
20180221083300
20180221083340
20180221083419
20180221083458
20180221083537
20180221083618
20180221083657
20180221083738
20180221083816
20180221083855
20180221083933
20180221084013
20180221084053
20180221084133
20180221084212
20180221084256
20180221084335
20180221084415
20180221084454
20180221084533
20180221084615
20180221084653
20180221084733
20180221084813
20180221084856
20180221084940
20180221085019
20180221085057
20180221085137
20180221085218
20180221085304
20180221085343
20180221085422
20180221085501
20180221085541
20180221085620
20180221085659
20180221085739
20180221085818
20180221085857
20180221085936
20180221090015
20180221090055
20180221090134
20180221090215
20180221090254
20180221090335
20180221090414
20180221090454
20180221090534
20180221090614
20180221090652
20180221090732
20180221090814
20180221090856
20180221090937
20180221091018
20180221091058
20180221091139
20180221091220
20180221091305
20180221091345
20180221091424
20180221091504
20180221091543
20180221091620
20180221091701
20180221091738
20180221091816
20180221091852
20180221091930
20180221092007
20180221092043
20180221092120
20180221092158
20180221092234
20180221092312
20180221092349
20180221092425
20180221092503
20180221092539
20180221092616
20180221092654
20180221092731
20180221092808
20180221092845
20180221092922
20180221092959
20180221093035
20180221093111
20180221093148
20180221093226
20180221093302
20180221093340
20180221093419
20180221093456
20180221093533
20180221093610
20180221093648
20180221093725
20180221093802
20180221093840
20180221093916
20180221093954
20180221094031
20180221094107
20180221094144
20180221094221
20180221094258
20180221094335
20180221094413
20180221094451
20180221094530
20180221094607
20180221094645
20180221094722
20180221094801
20180221094838
20180221094916
20180221094955
20180221095032
20180221095109
20180221095147
20180221095224
20180221095302
20180221095340
20180221095418
20180221095457
20180221095536
20180221095613
20180221095649
20180221095725
20180221095802
20180221095839
20180221095917
20180221095954
20180221100033
20180221100111
20180221100149
20180221100227
20180221100308
20180221100346
20180221100424
20180221100507
20180221100554
20180221100631
20180221100710
20180221100747
20180221100827
20180221100906
20180221100943
20180221101022
20180221101100
20180221101138
20180221101218
20180221101256
20180221101333
20180221101412
20180221101450
20180221101528
20180221101605
20180221101643
20180221101723
20180221101803
20180221101843
20180221101922
20180221101959
20180221102037
20180221102113
20180221102151
20180221102227
20180221102304
20180221102341
20180221102417
20180221102453
20180221102529
20180221102606
20180221102642
20180221102718
20180221102758
20180221102836
20180221102913
20180221102951
20180221103029
20180221103107
20180221103144
20180221103221
20180221103257
20180221103334
20180221103411
20180221103451
20180221103528
20180221103605
20180221103641
20180221103717
20180221103754
20180221103831
20180221103908
20180221103947
20180221104025
20180221104105
20180221104143
20180221104221
20180221104258
20180221104336
20180221104414
20180221104452
20180221104530
20180221104607
20180221104646
20180221104725
20180221104802
20180221104839
20180221104915
20180221104952
20180221105030
20180221105108
20180221105146
20180221105234
20180221105311
20180221105347
20180221105424
20180221105500
20180221105537
20180221105616
20180221105656
20180221105736
20180221105813
20180221105850
20180221105928
20180221110005
20180221110042
20180221110121
20180221110158
20180221110234
20180221110311
20180221110349
20180221110426
20180221110505
20180221110543
20180221110620
20180221110657
20180221110734
20180221110813
20180221110852
20180221110930
20180221111006
20180221111043
20180221111120
20180221111156
20180221111232
20180221111308
20180221111344
20180221111421
20180221111458
20180221111534
20180221111612
20180221111648
20180221111728
20180221111804
20180221111841
20180221111917
20180221111953
20180221112030
20180221112107
20180221112144
20180221112222
20180221112258
20180221112335
20180221112412
20180221112448
20180221112525
20180221112603
20180221112643
20180221112720
20180221112757
20180221112834
20180221112911
20180221112951
20180221113028
20180221113108
20180221113145
20180221113223
20180221113302
20180221113342
20180221113420
20180221113457
20180221113536
20180221113614
20180221113652
20180221113729
20180221113806
20180221113843
20180221113922
20180221114000
20180221114037
20180221114113
20180221114150
20180221114227
20180221114304
20180221114341
20180221114418
20180221114455
20180221114533
20180221114611
20180221114648
20180221114729
20180221114808
20180221114930
20180221115014
20180221115051
20180221115131
20180221115208
20180221115245
20180221115322
20180221115401
20180221115440
20180221115522
20180221115601
20180221115642
20180221115721
20180221115800
20180221115838
20180221115915
20180221115954
20180221120033
20180221120111
20180221120149
20180221120233
20180221120310
20180221120352
20180221120430
20180221120513
20180221120551
20180221120632
20180221120712
20180221120751
20180221120829
20180221120908
20180221120946
20180221121025
20180221121104
20180221121144
20180221121222
20180221121300
20180221121341
20180221121421
20180221121500
20180221121540
20180221121619
20180221121700
20180221121740
20180221121821
20180221121923
20180221122003
20180221122043
20180221122122
20180221122201
20180221122240
20180221122319
20180221122359
20180221122438
20180221122517
20180221122556
20180221122636
20180221122716
20180221122802
20180221122842
20180221122921
20180221123002
20180221123043
20180221123123
20180221123203
20180221123242
20180221123320
20180221123400
20180221123439
20180221123519
20180221123558
20180221123638
20180221123721
20180221123801
20180221123843
20180221123923
20180221124002
20180221124120
20180221124159
20180221124241
20180221124321
20180221124402
20180221124443
20180221124523
20180221124603
20180221124643
20180221124724
20180221124804
20180221124845
20180221124926
20180221125005
20180221125048
20180221125128
20180221125208
20180221125247
20180221125327
20180221125409
20180221125448
20180221125530
20180221125611
20180221125652
20180221125733
20180221125815
20180221125854
20180221125934
20180221130016
20180221130057
20180221130135
20180221130220
20180221130301
20180221130341
20180221130422
20180221130502
20180221130546
20180221130626
20180221130708
20180221130748
20180221130828
20180221130906
20180221130946
20180221131044
20180221131123
20180221131202
20180221131241
20180221131320
20180221131400
20180221131439
20180221131519
20180221131559
20180221131642
20180221131722
20180221131802
20180221131844
20180221131924
20180221132013
20180221132054
20180221132135
20180221132217
20180221132303
20180221132344
20180221132426
20180221132515
20180221132557
20180221132637
20180221132719
20180221132802
20180221132845
20180221132930
20180221133010
20180221133050
20180221133130
20180221133211
20180221133252
20180221133331
20180221133410
20180221133450
20180221133529
20180221133607
20180221133645
20180221133725
20180221133807
20180221133846
20180221133924
20180221134002
20180221134039
20180221134119
20180221134159
20180221134237
20180221134315
20180221134352
20180221134429
20180221134508
20180221134545
20180221134622
20180221134700
20180221134738
20180221134815
20180221134852
20180221134930
20180221135010
20180221135048
20180221135130
20180221135210
20180221135251
20180221135331
20180221135411
20180221135452
20180221135532
20180221135613
20180221135654
20180221135734
20180221135813
20180221135853
20180221135933
20180221140012
20180221140053
20180221140135
20180221140214
20180221140255
20180221140337
20180221140417
20180221140456
20180221140537
20180221140616
20180221140654
20180221140733
20180221140812
20180221140851
20180221140929
20180221141009
20180221141048
20180221141127
20180221141205
20180221141244
20180221141324
20180221141438
